35
515
979
1443
1931
2395
2859
3339
3819
4299
4779
5267
5763
6243
6723
7195
7683
8171
8675
9123
9643
10083
10555
11027
11515
12011
12483
12939
13411
13899
14379
14851
15323
15803
16298
16770
17259
17739
18234
18730
19218
19690
20178
20650
21138
21618
22098
22594
23066
23522
24010
24490
24978
25442
25922
26306
26842
27378
27842
28314
28850
29330
29778
30250
30730
31210
31714
32170
32643
33106
33594
34090
34578
35074
35514
35994
36490
36954
37418
37906
38378
38858
39354
39842
40322
40786
41250
41730
42226
42698
43186
43666
44146
44610
45074
45546
46050
46530
47026
47506
47994
48458
48922
49386
49890
50386
50874
51362
51850
52306
52786
53258
53755
54242
54714
55170
55642
56138
56666
57154
57618
58074
58562
59042
59538
59986
60474
60970
61450
61914
62402
62882
63378
63842
64322
64770
65306
65762
66250
66722
67234
67674
68178
68642
69130
69610
70082
70538
71034
71506
71994
72450
72954
73450
73946
74410
74914
75362
75874
76330
76826
77266
77778
78218
78722
79186
79706
80170
80658
81114
81610
82090
82594
83026
83530
83978
84481
84962
85426
85914
86402
86890
87370
87858
88338
88833
89337
89729
90241
90714
91193
91658
92137
92633
93146
93593
94089
94569
95033
95513
96009
96529
97009
97441
97937
98409
98905
99353
99849
100305
100825
101281
101785
102265
102753
103218
